33 4 10 11 18 24 28 29 31 34 39 43 44 45 47 50 55 57 58 61 64 71 72 74 77 78 80 83 85 86 88 92 95 96
42 0 2 11 12 13 14 20 24 27 28 31 35 36 38 39 40 41 44 45 46 48 49 52 57 58 59 61 63 66 68 70 75 76 80 85 86 87 89 92 93 94 97
41 1 3 5 6 12 13 15 18 19 20 22 23 27 28 29 31 34 37 40 41 42 43 46 49 54 57 58 61 63 67 69 71 72 73 78 79 80 85 87 98 99
39 2 3 4 6 7 8 10 13 15 17 23 24 28 35 37 38 40 41 42 43 46 47 48 53 57 59 68 73 76 77 83 84 85 86 88 89 93 94 96
47 3 4 7 8 10 11 14 16 17 18 22 23 25 27 28 30 31 32 33 38 39 45 47 49 50 51 52 55 56 61 62 63 66 69 70 74 76 78 79 82 86 87 89 92 93 94 99
52 0 1 2 3 5 6 7 8 9 13 14 20 21 23 24 25 27 29 33 34 35 36 37 38 40 41 42 44 46 48 52 53 54 55 57 59 60 62 67 72 78 80 81 82 85 86 89 91 92 93 94 96
36 1 7 8 12 14 16 20 21 23 28 29 37 38 39 40 41 43 51 52 55 56 58 59 63 67 69 74 82 84 85 87 88 89 91 92 98
47 1 2 7 8 9 12 14 15 18 20 21 23 25 27 28 29 34 36 38 40 42 43 44 47 50 55 56 57 58 67 69 71 72 73 77 78 84 85 86 87 88 89 90 91 93 95 99
42 1 2 4 11 12 13 20 22 23 24 26 28 30 33 35 37 41 42 45 46 47 55 56 57 58 60 65 67 68 74 77 80 81 83 84 86 87 88 89 90 97 99
37 3 4 6 8 13 17 18 19 21 24 25 26 27 30 38 39 46 53 54 60 61 64 70 72 74 78 79 80 82 83 87 91 92 93 97 98 99
40 0 3 4 9 17 20 21 23 24 25 26 31 32 33 35 40 42 44 46 50 54 55 56 58 61 63 66 68 69 71 73 75 79 81 83 84 87 89 93 94
40 3 4 5 6 7 10 13 15 16 18 20 21 24 27 28 32 34 37 40 45 46 47 57 58 62 63 66 68 74 76 77 80 83 84 85 89 91 94 96 97
34 4 11 17 19 21 22 23 26 28 30 32 35 38 40 42 43 46 48 51 53 63 65 67 69 71 75 77 80 82 83 86 87 91 92
46 3 4 5 10 11 14 16 18 19 21 26 29 31 32 36 41 43 44 46 49 50 51 52 53 54 57 58 59 60 64 65 66 67 73 77 80 81 83 84 88 90 92 93 95 98 99
40 0 5 7 9 11 16 17 18 19 23 25 27 28 30 34 37 38 39 47 52 56 59 61 62 63 67 69 71 72 75 76 77 78 81 84 86 87 93 95 96
42 0 1 2 3 4 5 7 10 11 14 15 17 19 20 21 24 25 30 31 34 36 41 44 45 46 47 49 50 51 53 57 65 74 76 77 78 81 82 89 90 91 96
37 1 8 10 13 16 20 22 25 29 30 31 37 38 39 43 44 46 48 49 51 53 55 59 60 62 63 65 68 71 77 84 85 87 94 95 96 97
39 0 2 4 5 7 9 11 13 14 15 19 22 25 26 30 34 35 36 37 44 47 48 53 56 59 63 65 66 68 77 80 82 84 85 87 91 94 96 99
37 0 3 5 10 14 24 28 32 34 37 41 42 43 46 50 51 52 53 55 57 58 62 63 65 66 68 69 70 71 72 81 92 93 94 95 97 99
38 0 4 7 8 9 11 12 18 21 22 23 25 26 28 33 35 36 38 43 44 45 50 51 52 53 58 67 69 70 72 73 82 83 86 87 90 91 93
44 1 5 10 11 12 13 14 16 19 22 23 24 26 28 29 36 39 40 46 49 50 51 52 54 57 58 59 61 62 63 64 71 74 78 79 86 88 89 90 91 93 95 97 99
44 0 4 5 6 9 11 12 13 17 18 22 24 25 26 27 28 30 31 32 36 38 39 42 43 45 47 49 51 56 63 67 69 72 74 78 79 80 85 87 88 91 92 94 95
52 0 1 3 6 8 9 13 17 21 22 23 24 27 29 34 35 36 38 44 46 48 49 51 52 53 56 59 60 65 66 67 68 69 72 74 75 76 77 79 81 83 84 88 90 91 93 94 95 96 97 98 99
29 0 2 8 15 19 20 23 24 26 38 39 41 47 50 52 53 56 57 66 68 70 72 76 79 80 86 92 98 99
39 1 3 4 11 12 13 14 15 21 26 29 31 35 38 40 42 46 48 49 53 57 59 61 63 64 66 71 73 74 76 79 80 82 83 84 90 92 96 99
39 0 5 6 10 12 14 17 18 19 20 27 28 33 37 41 45 47 50 54 56 57 61 62 63 64 67 73 74 81 82 83 84 86 87 92 93 94 98 99
47 0 1 3 7 12 13 14 18 19 20 21 23 25 27 29 31 32 34 48 49 51 54 55 57 58 61 63 64 68 70 72 74 75 76 77 79 81 82 83 84 85 87 88 95 97 98 99
38 5 6 10 11 13 15 17 19 21 23 25 26 31 34 35 36 39 45 47 55 56 61 62 63 65 67 70 71 72 74 75 82 83 86 87 92 93 98
34 1 3 6 9 16 17 18 31 36 38 40 42 43 47 48 50 52 54 57 67 69 71 73 74 81 82 84 87 88 91 93 94 97 99
34 2 7 8 9 13 16 20 25 27 33 34 39 48 49 52 53 54 60 61 64 66 69 73 76 78 80 83 85 90 91 94 95 97 99
30 0 3 4 8 15 21 28 30 32 38 40 43 46 47 49 50 51 52 57 60 64 65 68 71 77 80 86 94 98 99
34 0 3 8 10 13 19 23 26 31 32 33 37 42 46 56 57 60 61 63 65 67 69 70 71 74 76 81 85 87 89 92 93 94 95
44 2 6 12 13 14 15 16 17 18 23 27 28 30 31 33 34 35 37 39 42 45 48 50 53 54 58 60 62 63 68 69 70 71 75 78 80 81 83 85 87 88 90 94 97
46 2 3 4 6 7 9 12 13 15 16 22 23 24 25 26 28 29 31 32 37 40 43 45 47 50 52 58 59 60 61 63 64 67 71 73 76 77 82 84 87 90 91 92 94 98 99
40 3 11 14 18 19 20 25 28 29 31 32 33 34 36 38 42 44 49 50 53 55 56 57 58 63 65 66 67 68 71 73 79 80 81 82 87 89 97 98 99
40 0 1 3 5 7 12 14 17 21 22 26 27 34 35 36 37 46 48 49 50 51 53 55 58 60 62 63 68 70 71 75 76 80 87 89 90 91 96 98 99
41 0 1 2 3 9 10 12 17 18 21 23 27 28 33 34 41 42 45 47 50 54 55 57 58 61 62 63 64 66 69 71 72 77 80 82 85 87 91 93 94 96
42 0 1 3 7 9 15 22 31 36 37 38 43 46 47 51 52 53 54 55 56 58 59 60 62 66 69 70 71 72 76 78 79 80 83 84 85 87 88 93 94 96 99
44 1 3 5 8 11 13 16 19 20 23 25 29 30 33 34 35 36 39 40 41 42 45 47 49 53 55 56 57 58 59 62 64 67 69 72 79 80 81 86 87 90 94 97 98
44 0 7 8 9 11 12 14 18 20 21 22 23 27 28 32 34 35 37 39 41 44 45 46 47 48 50 52 55 58 67 71 72 74 76 77 79 80 81 85 91 94 97 98 99
45 1 3 4 6 8 9 10 11 12 16 17 19 22 24 29 30 31 33 34 37 38 40 44 45 47 48 49 52 54 56 63 66 70 71 72 75 78 82 83 88 89 90 94 95 96
41 4 5 10 14 15 16 20 22 23 25 28 29 35 36 37 38 39 41 42 45 47 49 50 53 56 57 58 60 62 65 68 69 72 77 79 81 91 92 93 98 99
33 0 2 4 9 14 16 18 19 22 24 25 26 28 34 35 40 42 44 45 49 50 55 57 58 59 62 63 66 68 77 89 96 99
37 0 1 3 10 15 17 19 20 21 22 24 27 31 32 34 37 38 40 42 45 46 48 50 55 56 59 61 62 65 75 77 79 88 91 93 94 96
43 2 3 4 7 9 11 15 18 22 23 24 27 29 30 31 37 38 43 45 46 47 50 53 54 60 61 63 67 68 70 72 73 74 75 78 84 85 87 89 91 92 95 98
48 0 2 3 7 8 9 12 13 14 15 16 19 22 23 25 27 28 29 31 32 34 35 37 39 45 46 48 49 50 52 54 57 61 64 67 68 69 70 73 74 80 81 83 84 90 91 92 95
40 0 2 3 5 7 8 10 11 13 17 23 27 30 31 35 36 38 41 42 43 46 48 51 53 57 58 59 63 70 73 76 79 82 84 86 87 91 95 96 98
43 0 2 3 8 10 13 15 17 23 26 27 28 30 34 37 40 41 42 45 46 50 51 54 57 60 64 66 67 69 71 74 75 82 83 84 87 88 91 92 93 95 96 99
44 0 7 8 10 11 12 14 17 18 19 20 21 23 24 25 26 28 29 36 38 42 45 52 53 55 57 61 62 66 68 71 72 79 80 81 84 87 92 94 95 96 97 98 99
35 3 4 7 12 14 15 19 20 23 24 25 29 31 32 33 41 43 47 50 51 52 59 60 62 63 66 73 74 81 82 83 85 86 94 95
39 1 2 4 7 9 12 15 16 20 21 23 30 31 32 33 35 36 40 42 49 51 53 54 55 57 59 68 69 71 76 79 81 82 85 89 90 95 97 98
41 2 3 5 7 11 12 13 20 22 27 28 32 33 34 35 37 39 40 43 46 48 49 50 51 52 53 57 58 59 60 62 64 68 73 74 86 87 88 89 91 93
35 4 7 9 11 19 25 33 34 40 43 45 48 53 54 55 56 59 63 66 67 68 71 72 77 80 81 82 86 88 89 92 93 96 97 98
34 0 1 2 19 20 21 28 35 36 37 38 41 43 53 54 58 59 60 62 63 66 69 70 72 73 75 78 79 81 84 94 95 97 98
52 0 1 4 7 9 10 11 12 15 19 20 21 23 24 25 30 32 33 34 37 42 46 47 48 49 50 52 53 54 57 58 60 61 63 66 68 69 70 71 75 77 81 83 84 87 90 91 92 93 96 97 98
40 0 2 9 13 17 18 19 22 23 26 27 28 36 37 39 42 43 45 46 51 52 55 56 62 65 66 71 72 75 84 86 87 88 89 91 92 93 94 95 99
39 0 1 3 4 5 6 8 14 22 23 26 28 30 32 33 34 38 42 46 47 50 52 57 60 63 64 69 71 72 75 82 86 87 88 89 93 96 97 98
45 0 2 3 5 7 12 13 15 16 17 18 23 24 25 26 30 31 35 36 42 43 45 50 51 52 53 55 57 61 62 64 66 67 71 72 75 77 85 86 88 90 92 93 94 97
38 5 8 14 15 16 20 22 24 33 36 38 41 43 44 45 49 51 52 54 56 57 58 60 61 62 67 69 70 71 73 74 81 85 86 87 88 90 93
42 0 1 3 4 6 14 16 18 20 21 22 24 30 32 33 37 38 43 46 47 49 54 57 58 60 61 62 63 64 65 67 69 70 77 78 81 83 86 90 93 94 96
44 0 1 3 4 6 7 11 12 15 16 17 23 24 27 33 38 42 46 50 52 55 56 57 60 61 62 63 67 68 69 70 71 75 78 80 84 85 87 89 91 94 95 96 99
36 0 2 4 6 7 8 11 12 13 17 19 20 24 26 29 41 42 48 50 51 52 55 58 60 67 69 71 72 83 85 86 89 91 92 93 99
36 1 3 5 6 9 14 15 17 19 20 21 23 28 29 32 34 40 44 47 51 55 56 57 58 65 67 69 76 86 89 92 95 96 97 98 99
34 0 1 8 11 16 17 19 23 24 34 40 41 43 45 46 53 57 62 65 69 70 73 74 75 76 77 80 82 84 86 91 95 98 99
42 0 4 9 11 12 13 15 17 24 26 28 32 36 38 40 41 48 49 50 52 53 54 59 64 66 69 70 72 74 76 77 78 79 83 90 93 94 95 96 97 98 99
40 0 1 3 7 10 13 15 16 22 24 26 27 29 32 36 38 43 44 49 55 56 58 60 64 70 71 72 73 75 79 80 83 84 85 86 88 94 96 98 99
40 1 3 6 7 8 9 11 14 15 16 18 19 20 22 24 27 28 29 33 34 37 41 43 44 48 50 52 54 56 65 66 78 84 88 89 90 94 96 97 99
33 4 20 21 23 29 31 33 34 35 37 39 40 43 44 47 48 49 53 54 57 58 59 69 71 73 75 79 83 85 87 89 91 97
43 0 1 3 4 6 9 11 18 20 21 25 26 31 32 33 34 36 37 43 47 49 50 51 57 58 60 63 69 70 71 72 77 81 82 83 85 86 88 90 96 97 98 99
40 1 4 6 10 11 12 13 15 18 19 20 24 27 28 30 31 37 39 40 47 49 50 55 59 62 64 65 66 67 72 77 78 79 80 84 86 90 91 95 97
41 1 3 4 7 10 13 15 16 17 21 24 26 27 28 34 36 43 44 48 50 52 55 56 59 62 64 66 69 70 73 74 75 76 78 85 86 88 90 96 97 98
36 4 10 11 17 18 22 23 24 25 29 33 35 38 41 44 46 48 50 53 54 57 58 59 61 62 66 70 71 73 75 76 77 82 88 95 96
38 0 4 5 7 8 10 12 21 22 25 26 28 34 37 38 43 45 47 50 54 55 57 59 61 62 63 69 71 75 76 78 83 85 89 90 93 95 97
37 0 4 6 13 15 17 22 26 31 34 35 36 39 40 42 43 46 49 51 52 53 54 56 60 61 69 70 71 73 74 75 80 83 85 93 98 99
40 2 5 7 11 12 17 22 29 30 31 35 36 37 38 39 40 42 43 46 48 50 56 58 59 60 61 62 64 67 74 75 76 78 79 80 85 86 87 91 93
38 3 5 6 7 12 15 18 19 20 24 25 27 30 31 34 37 43 44 49 50 57 59 61 63 66 67 73 79 80 82 83 87 88 92 94 95 96 97
43 0 2 3 6 8 10 11 12 13 15 16 21 23 26 29 30 36 37 38 41 43 44 45 46 52 55 56 58 59 61 64 65 70 72 73 75 76 82 84 86 92 93 97
38 0 7 9 13 14 22 24 25 26 27 29 32 35 36 37 39 40 45 49 51 52 55 59 62 63 64 71 72 73 75 81 89 90 92 93 94 95 97
40 4 5 7 10 13 14 15 16 17 18 23 29 33 35 37 38 39 40 43 49 52 53 58 62 64 68 70 71 75 79 81 82 83 86 89 91 92 93 94 99
45 0 2 5 7 8 10 12 13 14 15 16 17 18 19 22 27 29 30 31 33 36 37 42 43 47 51 52 56 63 67 68 69 71 72 73 74 76 79 81 82 83 91 92 93 97
31 2 5 8 15 17 23 24 25 27 28 40 44 46 48 57 58 62 66 67 70 75 78 79 82 84 85 86 87 88 91 94
40 1 3 4 6 7 8 11 19 23 24 25 30 31 32 34 35 36 39 43 48 49 50 56 60 61 63 65 69 70 73 80 81 83 85 86 91 92 94 95 99
45 0 1 8 9 12 15 17 18 19 20 23 26 28 33 34 36 39 40 43 44 45 51 53 58 59 60 63 65 66 68 71 72 76 77 78 79 80 81 82 83 88 92 95 96 97
43 0 1 4 5 7 8 12 13 15 27 29 32 33 36 38 39 42 45 46 47 48 49 50 51 53 57 59 60 62 65 69 70 74 76 78 79 80 83 87 94 95 96 99
33 0 1 4 5 6 8 17 22 27 35 38 43 44 45 47 48 52 56 58 59 60 63 66 67 68 70 74 77 79 80 82 89 99
34 0 1 5 11 16 18 20 21 24 31 33 34 36 40 42 44 47 51 54 56 60 64 66 68 73 75 77 80 82 86 88 89 93 94
40 0 2 8 9 11 15 18 19 21 23 29 30 31 32 33 36 43 46 47 48 49 51 59 60 62 65 67 70 72 73 76 79 85 90 91 94 95 97 98 99
39 1 7 17 20 21 23 24 26 28 29 30 31 35 37 38 39 42 43 44 47 48 51 55 58 63 64 67 68 71 73 74 78 79 82 83 85 88 91 97
42 1 5 6 7 11 13 14 15 16 18 19 22 24 28 31 32 34 35 38 40 43 48 49 51 58 59 60 67 70 72 75 76 80 85 86 88 89 92 94 95 96 97
26 3 4 11 13 17 23 26 28 32 36 38 43 47 48 54 59 65 66 72 75 76 78 88 91 93 97
32 4 7 8 9 12 14 18 20 21 22 23 26 33 35 37 38 39 42 44 49 52 55 60 65 71 72 73 76 81 84 91 98
41 4 9 10 11 12 23 26 27 32 33 35 36 39 40 43 44 50 54 57 58 60 61 63 64 67 71 72 77 78 79 82 85 86 88 89 91 92 94 95 96 98
39 4 9 10 11 14 15 22 26 31 33 37 41 44 47 51 52 55 56 57 58 59 63 64 65 67 69 71 74 75 76 79 81 82 83 89 95 96 98 99
43 1 3 4 8 9 10 11 13 15 18 22 30 31 32 34 39 47 48 52 55 56 58 59 61 62 63 66 67 68 69 70 72 73 74 75 80 83 86 88 95 96 97 99
41 1 2 6 7 9 10 12 13 15 19 20 21 22 23 29 30 31 40 41 42 43 44 45 52 53 55 57 61 64 65 67 71 77 78 81 82 84 89 93 95 96
50 2 3 6 7 9 10 11 14 15 19 20 24 27 28 29 30 31 32 35 43 44 45 47 48 52 53 54 55 56 57 59 61 64 65 66 67 72 74 75 76 78 79 82 84 87 89 93 94 97 98
41 4 5 6 11 14 18 20 21 23 32 33 42 43 49 50 51 54 56 60 62 64 65 66 69 70 71 72 74 75 77 79 80 82 84 85 88 89 92 93 94 98
41 1 3 5 6 8 10 11 16 18 21 23 25 29 32 36 37 38 40 42 43 45 48 50 51 58 59 60 61 64 68 70 71 73 78 79 82 89 90 91 98 99
36 8 9 10 16 17 22 23 24 27 29 31 32 34 38 44 45 46 50 51 58 62 63 67 68 69 71 73 74 78 85 87 89 90 92 98 99
46 3 7 11 12 15 20 21 22 23 24 28 29 33 35 37 38 39 40 42 49 52 53 55 56 58 60 61 62 64 65 68 69 70 72 74 75 79 82 84 86 87 88 95 97 98 99