2000
17 22
39 67
61 35
97 55
3 97
35 61
55 56
96 94
43 77
35 9
89 7
39 43
19 94
64 97
27 50
26 1
72 63
35 1
59 54
49 60
68 95
70 68
90 92
19 76
69 8
68 10
43 43
4 53
1 63
37 64
41 89
82 26
36 25
76 31
71 32
39 12
35 58
16 63
37 79
11 65
85 4
61 17
61 72
80 88
18 82
28 63
67 75
96 52
85 58
50 89
10 72
6 51
78 31
96 96
63 54
60 12
1 93
64 55
46 6
64 63
96 93
44 61
21 63
4 49
46 39
81 76
37 73
96 41
87 90
43 84
62 95
2 91
65 96
98 63
30 14
8 79
41 94
9 40
61 62
51 21
63 88
58 11
19 43
59 75
96 25
56 28
1 46
43 99
54 68
71 43
82 30
7 97
12 49
19 89
87 29
12 63
12 30
4 59
94 51
20 49
3 22
16 98
12 41
0 68
1 67
77 28
52 69
68 56
39 59
23 20
52 61
62 75
68 90
64 81
88 63
42 69
12 85
90 41
84 55
82 84
52 29
17 37
9 87
87 79
58 3
70 37
57 42
16 68
66 16
73 91
85 4
51 20
12 93
23 56
81 97
25 78
61 55
6 29
33 41
47 54
1 86
48 76
85 47
92 13
4 87
5 72
60 19
10 61
19 63
19 34
7 43
71 15
29 20
4 64
49 44
53 88
67 57
61 29
37 3
63 37
59 77
78 73
12 11
21 8
42 62
23 73
31 73
94 90
48 64
69 20
92 90
44 73
33 51
40 31
44 54
25 91
17 41
26 6
14 22
73 94
38 65
47 51
58 74
99 23
83 28
56 32
47 10
1 54
70 24
38 79
16 51
34 78
61 3
80 15
27 67
81 31
34 69
68 88
17 47
53 14
38 52
52 50
54 82
20 98
2 5
46 69
10 44
47 86
56 48
55 51
33 65
80 53
27 55
31 61
98 39
42 39
96 85
38 59
80 3
55 62
0 28
18 94
14 10
11 30
32 12
42 42
98 52
15 90
86 66
79 27
34 11
77 77
21 87
13 96
81 82
41 55
48 61
33 87
94 37
31 98
81 41
8 74
78 26
58 10
73 74
33 62
85 10
68 49
35 89
28 98
36 18
84 54
88 58
0 39
59 3
82 11
70 40
49 86
22 51
96 89
40 54
46 68
93 21
56 15
44 41
5 8
82 88
41 87
83 68
20 60
39 0
32 31
77 3
60 2
98 57
87 19
58 50
37 72
80 53
38 93
15 36
1 46
38 84
57 52
59 98
66 7
87 47
49 80
48 21
45 57
29 16
59 93
53 42
31 97
95 43
1 1
54 54
14 38
86 47
50 20
72 91
61 92
82 77
60 99
28 24
98 42
41 53
43 21
90 72
21 8
78 7
14 77
98 52
81 34
4 75
60 24
40 56
65 78
43 93
52 33
57 57
54 2
3 79
12 54
62 72
50 64
41 51
25 58
38 2
64 17
62 34
29 59
8 61
33 58
90 61
37 62
61 57
18 58
85 94
53 93
12 42
8 40
1 7
76 68
4 23
13 14
48 82
44 56
80 28
23 84
47 59
64 26
69 76
23 65
62 75
14 35
66 49
23 61
2 68
99 21
65 5
32 53
59 24
3 80
54 82
63 20
49 20
99 33
63 30
75 51
99 45
20 22
67 52
60 48
90 58
19 20
81 42
68 21
5 24
99 92
33 49
58 55
46 33
29 57
22 52
57 69
61 2
45 98
27 47
70 45
56 25
58 94
68 96
88 66
3 33
16 9
49 97
30 31
89 5
31 47
61 74
93 61
99 48
77 79
12 5
32 67
95 78
11 64
50 96
60 2
4 82
69 84
6 98
61 99
66 14
20 21
55 76
77 82
54 36
35 10
90 40
43 98
92 78
83 24
24 63
79 21
55 93
46 81
10 80
14 99
43 97
70 76
93 66
52 0
81 30
94 0
70 3
34 97
9 87
24 97
73 32
2 35
82 49
60 44
70 89
47 81
69 72
23 3
74 73
29 66
26 95
89 6
60 88
83 4
28 66
29 80
69 6
6 36
97 71
88 21
69 63
90 19
65 33
33 92
36 79
81 4
57 99
51 9
24 8
64 79
35 83
0 30
14 13
24 90
40 19
27 53
11 56
67 66
21 1
79 56
77 20
19 21
98 6
34 46
42 55
41 1
14 34
35 75
76 55
29 63
63 49
19 38
78 69
35 67
42 13
90 83
96 67
37 67
90 81
3 32
41 94
64 41
26 98
1 56
12 44
73 41
66 66
9 20
73 18
64 9
61 66
23 70
16 33
1 89
31 73
18 90
12 30
81 94
47 38
75 77
69 92
26 60
91 75
62 43
28 37
99 36
8 59
12 63
86 97
81 15
49 71
76 23
82 9
93 7
44 96
89 4
18 73
63 29
46 3
14 74
70 6
54 5
50 5
77 19
94 27
89 8
33 70
10 81
24 98
9 27
69 85
7 40
25 70
95 19
37 37
27 54
46 52
53 90
70 96
80 2
25 15
16 72
3 8
14 80
53 38
42 89
87 43
4 40
49 46
76 75
35 76
10 59
83 64
49 87
45 81
16 61
72 34
2 25
48 66
24 23
71 76
76 82
3 81
19 9
45 42
96 15
93 71
23 26
47 53
14 35
7 88
83 62
71 71
53 96
46 30
28 84
94 77
79 8
49 28
62 71
25 96
48 63
7 52
13 51
31 75
38 58
82 28
29 23
59 1
56 29
82 14
16 83
8 52
57 76
14 42
40 76
34 28
76 36
49 6
29 60
40 18
24 12
14 38
33 60
33 76
51 33
34 63
10 24
8 55
97 74
71 15
58 46
2 4
61 86
28 62
22 51
82 89
93 6
27 13
94 50
34 59
17 61
28 66
12 44
47 2
40 48
53 48
17 13
43 77
88 28
22 87
0 76
13 1
75 0
51 89
51 16
40 8
59 0
3 4
54 18
71 11
82 55
88 14
5 13
24 66
89 38
27 53
45 24
84 90
38 13
24 23
48 80
45 66
24 52
99 79
72 55
32 24
95 34
43 95
34 62
58 18
4 30
40 61
50 0
92 34
47 91
17 97
74 64
59 83
96 41
76 52
60 6
64 46
12 81
42 60
9 56
41 68
45 41
12 25
80 11
95 69
97 61
35 75
70 93
94 88
98 19
98 54
90 8
31 93
20 99
34 46
70 61
70 76
55 57
21 16
18 98
23 94
68 39
54 12
68 36
8 61
59 79
86 59
42 45
94 90
96 27
27 20
36 8
96 28
32 2
93 89
3 0
17 83
1 13
99 96
44 19
70 14
51 70
37 95
4 76
77 15
71 47
37 24
48 52
67 16
5 10
26 67
97 79
36 56
96 95
73 43
15 25
49 81
20 95
60 60
77 40
52 32
22 62
69 82
53 25
42 69
78 98
79 56
25 80
61 44
53 79
93 27
13 48
62 94
15 58
3 34
68 6
36 59
17 35
12 39
27 12
90 92
92 56
56 19
30 0
59 15
2 56
7 8
87 22
91 42
80 32
81 93
24 53
88 27
17 62
77 0
40 67
33 63
3 22
88 86
59 57
36 78
16 67
80 15
80 12
2 90
35 77
23 72
72 67
40 43
56 6
92 69
5 8
12 83
71 68
72 67
97 13
50 94
53 32
88 38
5 95
41 78
54 94
15 63
78 36
24 49
95 48
13 67
32 42
43 92
55 16
0 35
32 89
28 32
58 0
25 86
55 88
61 91
51 87
73 69
32 50
5 13
60 43
68 52
53 33
65 85
48 80
70 98
44 35
27 90
94 61
78 3
25 63
42 68
41 82
97 48
4 24
32 21
27 2
9 92
2 41
51 43
13 82
54 18
73 62
54 87
1 43
78 88
43 31
67 36
54 56
87 87
22 50
68 80
45 27
3 51
33 45
92 9
16 10
0 88
60 53
73 36
19 40
26 20
78 56
84 29
51 79
72 97
74 43
57 41
56 58
13 55
81 93
53 24
44 21
35 85
86 32
54 81
2 66
75 64
73 32
52 85
23 88
7 91
91 37
75 99
68 85
11 44
93 57
37 50
31 67
38 54
7 71
17 41
81 0
97 48
79 2
78 57
26 39
73 94
45 23
34 25
28 87
18 16
12 1
31 34
19 46
73 53
91 58
88 27
3 86
88 32
65 89
0 27
97 29
49 29
1 19
65 20
40 55
79 20
29 36
21 26
98 38
59 83
93 4
25 36
56 39
86 92
64 43
64 51
58 65
52 15
64 12
16 0
42 96
93 66
47 74
14 20
76 74
46 17
76 50
2 65
99 59
63 22
59 52
49 57
75 14
45 21
51 16
71 27
25 94
23 75
47 8
23 3
98 16
24 97
75 51
64 80
37 52
56 26
77 71
16 0
77 87
55 55
81 12
94 52
45 20
7 32
94 74
62 67
98 28
1 99
59 41
31 12
32 4
1 82
81 11
72 94
40 50
86 12
57 86
37 96
60 42
23 19
34 15
38 44
35 61
66 63
90 56
77 30
57 92
80 6
48 28
83 44
52 0
84 40
68 49
14 2
66 32
98 57
12 13
79 72
70 99
78 9
35 88
43 51
67 6
15 73
83 38
86 54
54 48
95 61
86 83
97 98
42 91
99 63
61 46
78 59
88 55
22 92
15 62
88 61
45 22
35 5
97 98
27 12
39 18
16 63
37 0
21 94
52 71
67 54
66 41
11 97
72 2
15 38
83 73
48 97
74 64
67 86
37 18
64 81
0 32
99 31
20 57
74 34
1 19
63 35
56 66
48 49
62 45
17 84
54 83
20 77
10 30
78 3
77 82
95 27
58 6
70 70
10 20
9 78
56 68
77 28
79 61
73 84
26 84
52 2
26 11
60 61
2 20
44 28
74 97
40 70
91 9
10 68
84 90
66 23
41 11
99 44
40 27
17 35
19 32
38 16
67 74
47 65
86 60
6 69
57 41
11 78
84 52
27 30
3 62
97 58
31 7
83 23
41 75
26 16
87 51
27 16
32 66
47 60
67 40
89 74
44 50
4 28
77 43
19 13
34 13
24 83
51 77
21 64
97 55
89 76
26 83
41 55
88 94
7 38
72 15
15 27
15 29
45 62
50 94
82 83
99 77
90 54
3 84
40 87
88 96
43 76
61 8
9 56
52 86
26 48
91 66
55 46
9 2
79 41
75 36
95 67
8 79
70 79
65 58
49 95
96 61
23 5
94 94
12 22
5 31
8 86
64 20
92 63
4 24
99 79
24 8
2 37
5 19
64 9
51 64
35 31
24 65
5 86
75 21
36 10
93 77
11 51
84 7
79 90
58 59
18 59
93 37
53 29
32 15
56 69
10 11
58 85
7 87
58 34
97 76
60 44
10 42
38 53
52 47
63 13
88 90
49 69
47 45
36 29
88 40
73 96
6 46
38 34
5 29
32 88
13 27
14 48
78 25
68 88
78 59
37 79
46 82
48 46
18 4
95 99
97 25
42 64
72 20
64 9
69 78
48 35
17 24
72 76
85 31
95 57
89 50
80 93
6 96
16 66
16 45
73 11
25 82
75 10
63 74
34 20
20 38
54 97
32 79
52 70
95 47
55 25
75 76
25 63
64 11
46 2
78 52
7 12
40 84
9 80
58 27
19 95
47 77
79 50
12 42
27 86
64 79
41 44
88 89
14 6
17 4
70 69
34 2
67 53
63 54
67 64
49 53
86 90
54 59
16 81
59 51
79 97
64 25
97 73
25 17
65 13
59 88
60 1
1 50
35 23
36 56
84 69
42 44
15 60
64 15
86 98
66 28
60 92
31 85
91 56
92 50
95 41
16 10
72 52
35 81
67 86
48 44
2 48
16 10
2 92
29 35
51 97
22 9
87 38
10 97
74 55
61 92
3 36
85 39
83 26
30 10
86 91
1 75
25 62
78 89
55 64
61 62
55 5
2 43
24 32
80 47
40 39
21 86
49 1
56 19
18 33
83 88
6 14
40 17
98 42
31 4
62 20
75 19
11 2
15 47
82 71
88 90
21 73
4 10
95 56
91 66
80 30
28 77
64 4
59 15
83 11
93 58
61 22
45 14
60 88
2 24
43 96
7 45
64 0
57 98
93 28
85 48
10 69
36 15
67 58
48 70
7 22
80 38
80 47
77 62
16 10
28 53
42 97
7 26
36 35
56 61
39 50
70 33
81 66
99 47
54 75
56 87
83 68
20 79
56 28
45 43
97 84
22 5
30 10
63 25
54 46
68 0
63 89
7 62
43 71
4 63
22 17
66 97
39 43
5 39
21 46
2 22
84 87
64 64
26 87
68 71
21 59
74 1
44 56
7 87
49 7
35 54
38 10
87 70
23 8
31 88
42 28
1 14
66 79
0 16
24 75
40 25
31 97
29 70
77 56
62 4
5 47
66 20
49 17
93 94
23 88
92 46
59 11
49 65
50 83
59 49
98 8
81 97
47 61
9 84
62 86
89 73
71 36
85 12
29 52
57 68
28 97
13 50
57 60
87 9
12 33
68 16
84 26
36 58
93 14
43 65
92 29
23 54
12 71
9 67
39 43
72 12
6 75
3 23
34 70
78 48
31 77
19 97
63 83
65 83
60 40
43 15
59 4
6 40
44 16
82 95
79 22
42 8
0 30
34 91
56 83
7 67
21 90
87 56
55 12
74 45
80 78
21 35
93 13
3 36
85 43
28 37
63 19
39 62
23 98
77 63
32 67
53 47
14 92
43 10
81 85
4 93
55 58
36 84
96 25
77 45
35 53
50 37
71 96
2 76
52 87
44 8
66 61
36 44
68 53
52 88
69 29
53 83
56 48
70 47
73 69
41 59
0 98
25 32
70 67
23 49
43 33
32 90
88 79
3 95
63 18
23 78
83 36
37 47
97 7
76 73
7 57
12 82
12 47
6 80
46 51
97 3
85 45
71 87
39 78
88 93
97 94
45 75
1 52
85 53
66 37
39 77
40 84
0 79
44 3
76 35
81 72
39 60
93 12
51 13
22 71
27 53
78 21
48 50
77 36
16 1
70 27
88 17
82 46
26 38
89 30
4 90
23 33
37 88
39 37
30 46
62 13
91 27
14 97
95 14
28 14
19 52
93 13
14 92
52 49
74 42
1 68
38 38
92 54
92 56
17 0
65 83
38 8
46 79
50 43
46 43
96 39
23 25
51 85
51 73
33 86
6 82
87 36
85 41
85 2
57 8
78 10
99 94
0 2
98 52
1 62
24 49
6 73
49 27
88 97
49 1
12 10
45 67
12 16
70 61
96 14
95 28
12 32
49 61
52 63
42 73
5 89
63 92
1 88
74 56
74 20
37 22
99 43
0 42
52 34
65 41
88 49
39 83
0 15
36 98
89 42
55 49
23 27
77 84
96 52
38 20
65 85
78 8
64 88
6 24
36 42
97 58
66 57
87 87
11 15
86 76
3 87
65 56
67 88
6 26
38 36
29 50
36 34
81 70
68 88
81 83
47 34
5 68
96 71
88 67
1 40
64 96
74 52
17 24
65 33
52 84
93 46
72 60
7 12
73 66
62 76
64 43
53 89
60 96
81 78
14 50
83 9
91 28
48 40
7 42
64 37
80 27
72 88
71 7
50 21
23 63
45 13
93 94
72 2
76 49
41 52
94 91
82 32
78 22
9 52
17 27
18 56
32 34
80 33
5 31
89 16
19 5
33 58
43 95
62 16
94 67
3 21
68 98
70 19
0 30
65 7
9 55
27 64
58 88
6 48
54 28
80 10
26 89
86 4
6 62
61 9
78 46
56 29
79 19
26 45
24 78
5 16
39 75
80 65
34 70
67 7
12 48
98 83
91 84
41 64
65 6
7 91
87 57
78 14
7 94
55 2
0 16
92 78
77 65
95 24
44 53
71 80
88 86
36 40
4 92
69 14
19 98
36 32
36 31
52 14
31 1
36 68
82 18
61 58
38 45
67 78
47 36
96 35
81 44
7 3
45 9
63 74
92 49
59 79
70 13
80 52
21 95
1 31
79 13
94 66
61 17
2 59
60 17
88 71
31 88
5 68
57 34
2 94
63 39
96 17
96 50
13 89
0 3
65 62
59 62
61 22
69 27
45 41
31 59
39 58
43 99
45 47
91 85
12 38
4 83
68 67
79 18
50 60
71 29
41 98
49 80
7 31
17 55
77 3
63 75
70 55
9 67
60 58
17 57
85 26
73 96
35 32
21 33
69 87
80 63
97 72
77 92
82 68
69 51
34 18
21 83
16 85
0 76
9 13
38 72
7 35
22 53
10 6
29 2
89 10
52 65
0 14
64 79
22 40
1 84
0 67
66 18
98 12
53 41
45 24
24 41
75 53
55 38
25 65
23 48
41 42
12 14
40 1
47 38
59 15
96 57
60 79
96 81
16 40
58 79
86 56
71 38
40 40
49 10
62 80
93 22
52 49
36 2
52 45
55 91
8 6
69 49
20 58
4 69
54 33
49 84
78 28
64 84
32 45
20 85
48 55
43 65
79 2
55 75
61 20
2 71
90 9
1 68
60 52
2 15
45 18
16 5
61 79
95 30
46 16
91 22
20 92
50 11
80 88
71 1
80 12
85 7
97 13
9 70
56 87
56 67
56 46
99 21
1 36
58 64
33 22
56 6
59 5
9 1
6 4
83 30
56 48
75 40
89 0
41 82
3 0
5 41
57 60
5 89
37 49
73 49
80 19
23 40
15 34
21 33
46 1
84 32
20 22
80 18
0 57
1 73
34 9
15 23
24 33
16 72
64 4
3 13
26 85
33 85
32 55
4 49
71 77
19 60
62 2
22 24
56 90
87 34
33 67
94 91
74 74
49 59
78 27
9 49
65 26
25 1
16 4
98 18
54 88
29 11
37 66
69 84
65 51
6 20
76 4
41 37
9 35
40 69
92 15
18 17
81 92
21 94
63 72
72 91
92 85
29 8
6 14
94 51
55 75
47 34
6 55
92 35
4 63
36 47
62 11
22 45
75 13
59 78